site	T.mcc	T2	T3	T4	T5	T6
0	0.0222	0.0355	0.0311	0.0307	0.0235	0.0275
1	0.213	0.159	0.201	0.336	0.151	0.182
2	0.0178	0.016	0.0218	0.0142	0.0235	0.0204
3	0.0164	0.0169	0.0142	0.02	0.0204	0.0155
4	0.0116	0.0138	0.0138	0.0169	0.0155	0.016
5	0.0142	0.0178	0.0147	0.0129	0.00933	0.0142
6	0.0102	0.00444	0.00533	0.00489	0.004	0.00533
7	0.0173	0.016	0.0133	0.0187	0.0107	0.0129
8	0.0124	0.008	0.0142	0.0124	0.0111	0.012
9	0.0302	0.0258	0.0249	0.0289	0.0338	0.0271
10	0.00977	0.00844	0.0129	0.0129	0.0116	0.0124
11	0.00755	0.00844	0.0129	0.0116	0.00977	0.00711
12	0.0138	0.0116	0.0116	0.0107	0.0133	0.00888
13	0.0124	0.0133	0.0133	0.0116	0.0133	0.0129
14	0.0204	0.0227	0.0249	0.0209	0.0244	0.0284
15	0.036	0.0267	0.0338	0.028	0.0289	0.0284
16	0.0164	0.012	0.0169	0.0151	0.0133	0.0142
17	0.064	0.0591	0.0546	0.0631	0.0609	0.0613
18	0.0169	0.016	0.02	0.016	0.0178	0.0178
19	0.0209	0.0178	0.0129	0.0187	0.0155	0.0107
20	0.0218	0.016	0.016	0.0164	0.02	0.0138
21	0.0142	0.0133	0.0187	0.016	0.0151	0.0151
22	0.0164	0.0164	0.0182	0.0147	0.0129	0.0173
23	0.0142	0.0133	0.0124	0.012	0.0133	0.0138
24	0.0182	0.0178	0.016	0.0195	0.0173	0.0164
25	0.0209	0.02	0.024	0.0204	0.0231	0.0151
26	0.0138	0.0178	0.0178	0.0209	0.0173	0.0151
27	0.0147	0.0129	0.016	0.0147	0.016	0.0164
28	0.0142	0.0133	0.0151	0.0147	0.0204	0.0155
29	0.0253	0.0311	0.0302	0.0191	0.024	0.0271
30	0.0187	0.0164	0.0169	0.0151	0.02	0.0129
31	0.0138	0.0173	0.0191	0.0151	0.0222	0.0129
32	0.0178	0.0155	0.0151	0.0147	0.0155	0.0178
33	0.0218	0.0182	0.0244	0.0169	0.0164	0.0227
34	0.012	0.0169	0.0151	0.0164	0.0169	0.0142
35	0.0182	0.0546	0.02	0.0191	0.0182	0.0173
36	0.02	0.0182	0.0173	0.0187	0.0155	0.0173
37	0.0107	0.0147	0.0142	0.0111	0.012	0.012
38	0.0164	0.0142	0.0138	0.0155	0.0173	0.0209
39	0.0147	0.0155	0.0173	0.0155	0.0138	0.012
40	0.0155	0.0133	0.0147	0.0111	0.0164	0.0151
41	0.0187	0.0155	0.0218	0.0151	0.02	0.0195
42	0.0182	0.0191	0.0182	0.0249	0.0182	0.0147
43	0.0191	0.0195	0.0191	0.0147	0.0231	0.0147
44	0.008	0.0107	0.0151	0.0218	0.0147	0.0155
45	0.0191	0.0151	0.0204	0.0155	0.0187	0.0138
46	0.0182	0.016	0.0169	0.0187	0.0231	0.0124
47	0.0164	0.0195	0.0133	0.0138	0.0147	0.0164
48	0.0267	0.0191	0.0218	0.0227	0.0258	0.0244
49	0.0155	0.0187	0.0178	0.0138	0.016	0.0138
50	0.0213	0.0204	0.0204	0.0182	0.0218	0.0195
51	0.0209	0.0195	0.0227	0.0187	0.0164	0.016
52	0.016	0.0142	0.0231	0.0138	0.016	0.0231
53	0.0187	0.0138	0.0164	0.0164	0.0227	0.0155
54	0.0173	0.0147	0.0227	0.0195	0.016	0.0155
55	0.0138	0.0209	0.0169	0.02	0.0129	0.0133
56	0.0133	0.012	0.016	0.012	0.0169	0.0173
57	0.00711	0.008	0.00622	0.00977	0.00622	0.0116
58	0.0244	0.0267	0.028	0.028	0.0227	0.0586
59	0.024	0.016	0.0244	0.0218	0.0187	0.0195
60	0.00977	0.00888	0.016	0.0107	0.012	0.008
61	0.008	0.00489	0.00711	0.00755	0.00666	0.00355
62	0.0258	0.0253	0.0231	0.024	0.0209	0.0293
63	0.012	0.0102	0.0133	0.00977	0.00977	0.0116
64	0.0116	0.00977	0.00933	0.00844	0.0147	0.0107
65	0.0253	0.0222	0.028	0.0227	0.0231	0.0262
66	0.00533	0.00578	0.00444	0.00444	0.008	0.00578
67	0.0138	0.016	0.0191	0.0209	0.0169	0.0187
68	0.012	0.012	0.0147	0.00933	0.0138	0.00933
69	0.00267	0.00133	0.000888	0.000444	0.004	0.00267
70	0.0138	0.0147	0.012	0.0155	0.016	0.0142
71	0.0133	0.008	0.0195	0.0107	0.0222	0.00622
72	0.0169	0.00888	0.0124	0.0102	0.0138	0.0129
73	0.016	0.0213	0.0173	0.0178	0.0164	0.0187
74	0.0173	0.0107	0.0142	0.0213	0.0124	0.0182
75	0.00711	0.0102	0.0142	0.00888	0.0111	0.012
76	0.0138	0.02	0.0213	0.0173	0.0218	0.0164
77	0.0169	0.012	0.0129	0.0169	0.0155	0.02
78	0.0147	0.0191	0.0142	0.0169	0.0218	0.0147
79	0.0151	0.0164	0.0164	0.0102	0.0129	0.0142
80	0.0227	0.0267	0.0222	0.02	0.0284	0.02
81	0.0284	0.0289	0.0169	0.0213	0.0267	0.024
82	0.0173	0.0151	0.0178	0.0173	0.0222	0.0182
83	0.0204	0.0164	0.0191	0.0173	0.0142	0.0178
84	0.02	0.0284	0.0253	0.0213	0.0151	0.0213
85	0.016	0.0187	0.0227	0.0133	0.0173	0.00844
86	0.0195	0.0231	0.0222	0.0204	0.0182	0.0209
87	0.0431	0.0391	0.0391	0.0369	0.0458	0.04
88	0.0173	0.0173	0.016	0.0173	0.0173	0.0204
89	0.0182	0.0173	0.0235	0.0187	0.0138	0.0178
90	0.0138	0.0147	0.0191	0.0129	0.0124	0.0138
91	0.0262	0.0289	0.0258	0.0311	0.0284	0.0284
92	0.00578	0.00666	0.008	0.00578	0.00578	0.00755
93	0.0169	0.0213	0.0173	0.0133	0.0262	0.0164
94	0.004	0.00355	0.004	0.00622	0.00222	0.00444
95	0.0209	0.00755	0.008	0.00711	0.00444	0.00666
96	0.0182	0.0209	0.0173	0.0222	0.0191	0.016
97	0.0133	0.00888	0.0178	0.012	0.0187	0.0111
98	0.00888	0.0138	0.00977	0.0164	0.0164	0.016
99	0.0129	0.0164	0.0213	0.0164	0.0173	0.0129
100	0.0267	0.0262	0.0275	0.0293	0.0315	0.0218
101	0.0151	0.016	0.0191	0.0169	0.0138	0.0209
102	0.0107	0.0129	0.0142	0.0133	0.016	0.0187
103	0.0222	0.0173	0.0138	0.0218	0.0182	0.0195
104	0.0204	0.0289	0.0315	0.0275	0.0289	0.0235
105	0.0382	0.0347	0.0431	0.0364	0.0493	0.107
106	0.0187	0.02	0.0155	0.0164	0.0249	0.0169
107	0.00711	0.00711	0.00755	0.00888	0.00755	0.00622
108	0.0178	0.0191	0.0169	0.0173	0.0195	0.0178
109	0.0102	0.0107	0.0138	0.0124	0.0129	0.00888
110	0.0138	0.0102	0.00977	0.016	0.0138	0.0129
111	0.0116	0.0173	0.0169	0.0138	0.0151	0.0164
112	0.0173	0.0142	0.0195	0.0204	0.0155	0.0213
113	0.00578	0.00533	0.00311	0.00755	0.00622	0.00444
114	0.0213	0.0244	0.0138	0.0213	0.016	0.0204
115	0.0133	0.00977	0.0138	0.0173	0.0107	0.012
116	0.0138	0.0155	0.0164	0.0204	0.0169	0.016
117	0.0124	0.0142	0.0111	0.0142	0.0164	0.0111
118	0.0151	0.0138	0.0116	0.0129	0.0151	0.0169
119	0.016	0.0142	0.0204	0.0204	0.0173	0.0173
120	0.0169	0.0218	0.0173	0.0169	0.0151	0.0173
121	0.00489	0.008	0.00533	0.00533	0.00711	0.00711
122	0.0191	0.0111	0.016	0.0169	0.0169	0.0173
123	0.0116	0.016	0.0187	0.0213	0.0182	0.0111
124	0.0218	0.0262	0.0173	0.0142	0.0204	0.0235
125	0.0182	0.0187	0.0187	0.0218	0.0178	0.0187
126	0.0133	0.0151	0.016	0.0164	0.0213	0.012
127	0.0191	0.024	0.0213	0.0227	0.0258	0.024
128	0.0164	0.0169	0.0164	0.0138	0.0191	0.0178
129	0.0107	0.00977	0.0147	0.0116	0.00888	0.00711
130	0.0151	0.00977	0.0155	0.0107	0.0124	0.0116
131	0.024	0.0258	0.0227	0.0235	0.0253	0.0209
132	0.0151	0.0155	0.0133	0.0155	0.0227	0.0133
133	0.012	0.0151	0.0213	0.0169	0.0187	0.0169
134	0.0111	0.0169	0.0133	0.0169	0.0169	0.0102
135	0.0164	0.0173	0.016	0.0182	0.0195	0.0169
136	0.0138	0.0129	0.0133	0.0138	0.0173	0.016
137	0.0187	0.0271	0.0271	0.0284	0.0329	0.0302
138	0.0116	0.0124	0.0262	0.0133	0.024	0.00977
139	0.211	0.223	0.338	0.209	0.159	0.162
140	0.0151	0.0102	0.00977	0.0102	0.008	0.0111
141	0.0129	0.0155	0.0187	0.0182	0.0187	0.0164
142	0.0204	0.0169	0.0178	0.0213	0.0182	0.0164
143	0.0169	0.016	0.016	0.0182	0.0169	0.0151
144	0.0151	0.0142	0.0213	0.0209	0.0173	0.0209
145	0.0173	0.0116	0.0218	0.0142	0.0182	0.0173
146	0.0151	0.0155	0.0169	0.0182	0.0164	0.0173
147	0.0129	0.0169	0.0195	0.0164	0.0164	0.016
148	0.0311	0.0275	0.0364	0.0307	0.0275	0.028
149	0.0155	0.0182	0.0147	0.0133	0.0138	0.016
150	0.0249	0.0218	0.0267	0.0302	0.0271	0.0213
151	0.0164	0.0169	0.0178	0.0169	0.0178	0.0164
152	0.0147	0.0191	0.0213	0.024	0.0231	0.0129
153	0.0138	0.024	0.0213	0.0222	0.0267	0.0244
154	0.016	0.0213	0.02	0.0182	0.0169	0.0151
155	0.0133	0.0147	0.0147	0.0142	0.0147	0.0147
156	0.0178	0.0182	0.016	0.0155	0.0178	0.0191
157	0.00888	0.00489	0.00578	0.00578	0.00622	0.00489
158	0.0204	0.0173	0.0244	0.0173	0.0262	0.0262
159	0.0138	0.0244	0.0227	0.0218	0.0213	0.0204
160	0.00267	0.00489	0.00311	0.00222	0.004	0.00222
161	0.0284	0.0235	0.0213	0.0218	0.0231	0.0204
162	0.0107	0.0102	0.0102	0.0133	0.00977	0.0102
163	0.0298	0.028	0.0284	0.0253	0.0338	0.032
164	0.028	0.0204	0.028	0.0275	0.0235	0.0244
165	0.02	0.0182	0.0204	0.0235	0.0178	0.0187
166	0.00888	0.00622	0.0102	0.0102	0.00977	0.012
167	0.0102	0.0116	0.0169	0.0111	0.0147	0.0191
168	0.016	0.0178	0.016	0.0182	0.016	0.0169
169	0.123	0.119	0.115	0.131	0.137	0.117
170	0.0253	0.0324	0.0307	0.0275	0.0293	0.0329
171	0.0449	0.06	0.0609	0.0555	0.0542	0.0378
172	0.02	0.0116	0.0173	0.0182	0.0182	0.0142
173	0.0116	0.016	0.02	0.0147	0.0133	0.0133
174	0.016	0.0142	0.0133	0.0129	0.008	0.0129
175	0.016	0.0151	0.0195	0.0182	0.0173	0.016
176	0.0178	0.0178	0.0182	0.0235	0.0222	0.0191
177	0.0129	0.0151	0.0213	0.0102	0.0178	0.0124
178	0.0187	0.0195	0.0182	0.0187	0.0253	0.0124
179	0.00888	0.00755	0.012	0.0111	0.0133	0.0124
180	0.0133	0.012	0.0151	0.0111	0.0151	0.0124
181	0.0124	0.012	0.012	0.0129	0.0142	0.00977
182	0.0138	0.0151	0.0133	0.016	0.0164	0.0169
183	0.0178	0.0169	0.0164	0.0164	0.0133	0.0195
184	0.0204	0.0218	0.0182	0.0191	0.0195	0.0151
185	0.0155	0.0147	0.0164	0.0235	0.0187	0.0151
186	0.00977	0.00755	0.00755	0.00533	0.012	0.008
187	0.0116	0.0129	0.0191	0.0124	0.012	0.0116
188	0.0142	0.0151	0.0155	0.0133	0.016	0.0142
189	0.0204	0.0218	0.0209	0.016	0.0178	0.0155
190	0.0151	0.0173	0.0182	0.0133	0.0218	0.0155
191	0.00888	0.00755	0.012	0.0116	0.0138	0.00888
192	0.00977	0.00933	0.00755	0.00711	0.0129	0.00933
193	0.0449	0.0347	0.0515	0.0453	0.0582	0.0342
194	0.0138	0.008	0.0124	0.0116	0.0116	0.00755
195	0.0102	0.0111	0.0147	0.012	0.0142	0.008
196	0.00533	0.004	0.00355	0.00622	0.00533	0.00666
197	0.00489	0.00622	0.00578	0.00355	0.00578	0.00444
198	0.0164	0.02	0.0178	0.0191	0.012	0.0111
199	0.0164	0.0155	0.0151	0.0151	0.0116	0.0142
200	0.0191	0.0249	0.0298	0.0253	0.024	0.0244
201	0.0253	0.0191	0.0218	0.0195	0.0187	0.0169
202	0.0173	0.00977	0.016	0.0129	0.0164	0.0142
203	0.0138	0.0116	0.0129	0.0138	0.0107	0.0116
204	0.024	0.02	0.0258	0.028	0.0235	0.0262
205	0.0213	0.016	0.0133	0.0195	0.0138	0.0138
206	0.0142	0.0133	0.016	0.0155	0.0164	0.0133
207	0.0107	0.012	0.00977	0.0111	0.00933	0.00933
208	0.0164	0.012	0.016	0.0107	0.0178	0.0213
209	0.0138	0.00755	0.0133	0.0147	0.0107	0.0129
210	0.0102	0.00711	0.0142	0.0107	0.0107	0.0111
211	0.0138	0.0195	0.0147	0.016	0.024	0.0222
212	0.0262	0.02	0.0209	0.0218	0.0253	0.0191
213	0.012	0.0151	0.0195	0.0178	0.02	0.0218
214	0.0187	0.0173	0.0209	0.0195	0.0155	0.0138
215	0.0138	0.0138	0.0147	0.0111	0.0133	0.0155
216	0.02	0.0178	0.0147	0.0204	0.0169	0.0173
217	0.0147	0.0124	0.0124	0.0164	0.0164	0.0169
218	0.0187	0.0178	0.0169	0.0169	0.02	0.0151
219	0.0187	0.0209	0.0169	0.0187	0.0218	0.0129
220	0.0169	0.0195	0.0129	0.0178	0.0187	0.0138
221	0.0231	0.0169	0.0138	0.0129	0.0195	0.0164
222	0.016	0.0169	0.0195	0.0231	0.0155	0.0169
223	0.0138	0.0182	0.0124	0.0164	0.0129	0.0155
224	0.0107	0.0164	0.0142	0.0129	0.0147	0.0129
225	0.0169	0.02	0.0147	0.0169	0.0227	0.0147
226	0.0235	0.0227	0.0231	0.0253	0.0195	0.0164
227	0.0129	0.012	0.0173	0.0169	0.016	0.0124
228	0.0151	0.0173	0.0164	0.0133	0.0187	0.0182
229	0.00888	0.0111	0.0133	0.0116	0.0182	0.0129
230	0.0133	0.0191	0.0129	0.0182	0.0195	0.0155
231	0.012	0.0133	0.0138	0.0147	0.0124	0.0107
232	0.02	0.0124	0.0235	0.0151	0.0169	0.0129
233	0.0813	0.0746	0.0733	0.072	0.0684	0.084
234	0.00622	0.00578	0.0111	0.00622	0.008	0.00711
235	0.0222	0.0173	0.0218	0.0182	0.0227	0.0218
236	0.00355	0.00311	0.00267	0.00267	0.00355	0.00444
237	0.0204	0.0191	0.0191	0.0218	0.0213	0.0164
238	0.0133	0.012	0.0142	0.0129	0.0133	0.0151
239	0.00933	0.0147	0.0169	0.0155	0.0147	0.0102
240	0.0231	0.0311	0.0298	0.0244	0.0267	0.0262
241	0.0249	0.016	0.0191	0.0244	0.0173	0.016
242	0.00711	0.00844	0.00711	0.00711	0.00622	0.00844
243	0.0107	0.0182	0.0116	0.0173	0.0147	0.0111
244	0.0253	0.0293	0.0204	0.0253	0.0307	0.0271
245	0.016	0.0116	0.0142	0.0129	0.0164	0.0169
246	0.0235	0.0253	0.0178	0.0258	0.0231	0.0169
247	0.0204	0.0204	0.0187	0.0191	0.0218	0.02
248	0.153	0.161	0.17	0.172	0.169	0.154
249	0.0222	0.0182	0.0178	0.0182	0.0169	0.0173
250	0.00311	0.00666	0.00444	0.00933	0.00578	0.00666
251	0.409	0.583	0.292	0.554	0.285	0.559
252	0.0178	0.0129	0.0191	0.0142	0.0138	0.0102
253	0.0138	0.0182	0.0147	0.0133	0.0164	0.0138
254	0.02	0.0151	0.0209	0.0204	0.0195	0.0142
255	0.0147	0.0182	0.0182	0.0142	0.0204	0.0147
256	0.0133	0.0155	0.0182	0.0138	0.0111	0.0124
257	0.00844	0.008	0.0124	0.0116	0.00622	0.00888
258	0.0155	0.0138	0.0133	0.0147	0.0124	0.0124
259	0.0107	0.0111	0.0102	0.0138	0.0111	0.0142
260	0.0151	0.00844	0.0147	0.00977	0.0138	0.0142
261	0.0151	0.0155	0.0142	0.0138	0.0155	0.0187
262	0.0116	0.0129	0.0133	0.0155	0.0142	0.0107
263	0.0267	0.024	0.0258	0.0293	0.028	0.0258
264	0.0129	0.0155	0.0182	0.016	0.0191	0.0124
265	0.0116	0.0173	0.0138	0.0169	0.012	0.0155
266	0.0124	0.0164	0.012	0.0142	0.0147	0.0129
267	0.0222	0.0244	0.0218	0.0182	0.0182	0.0209
268	0.024	0.0182	0.02	0.0235	0.0275	0.0244
269	0.0151	0.0155	0.0222	0.0178	0.0231	0.0209
270	0.0187	0.0142	0.0138	0.0151	0.0173	0.0155
271	0.0187	0.0187	0.0133	0.0142	0.0204	0.0164
272	0.0138	0.0151	0.0129	0.0124	0.0102	0.0155
273	0.00622	0.00844	0.012	0.0124	0.0107	0.00666
274	0.012	0.00533	0.00933	0.0355	0.0107	0.00578
275	0.0555	0.0622	0.0689	0.052	0.0635	0.0609
276	0.0431	0.0475	0.052	0.0542	0.0493	0.0431
277	0.0178	0.0155	0.0187	0.0147	0.012	0.0173
278	0.0209	0.0169	0.0209	0.0231	0.0173	0.0178
279	0.00578	0.00755	0.00888	0.00622	0.0142	0.0133
280	0.0147	0.0111	0.0138	0.0129	0.0169	0.0129
281	0.0173	0.0244	0.0204	0.0173	0.0173	0.0195
282	0.0253	0.0258	0.0227	0.0222	0.0284	0.0213
283	0.00844	0.0111	0.0111	0.0102	0.008	0.0102
284	0.0129	0.00888	0.0116	0.0107	0.0107	0.00755
285	0.0138	0.0178	0.0147	0.0155	0.0133	0.0116
286	0.00666	0.0107	0.00933	0.0102	0.012	0.0111
287	0.0107	0.0142	0.0147	0.0169	0.0142	0.0116
288	0.00933	0.0151	0.0142	0.0107	0.0102	0.012
289	0.0298	0.0284	0.0302	0.0382	0.0351	0.0284
290	0.0418	0.0271	0.0173	0.0191	0.0222	0.0364
291	0.0129	0.00888	0.0138	0.0107	0.0102	0.0138
292	0.0178	0.0213	0.0218	0.0222	0.0267	0.0155
293	0.00888	0.00888	0.0151	0.0133	0.0107	0.0111
294	0.0155	0.0133	0.0209	0.0102	0.012	0.0129
295	0.0249	0.0204	0.0267	0.0258	0.0249	0.0244
296	0.024	0.0324	0.0244	0.0311	0.0267	0.0253
297	0.0413	0.0444	0.064	0.0662	0.0657	0.0622
298	0.0147	0.012	0.0182	0.0164	0.0151	0.0133
299	0.0546	0.0777	0.0671	0.0702	0.0706	0.064
300	0.012	0.016	0.016	0.0133	0.0124	0.0173
301	0.0133	0.0182	0.0129	0.0173	0.0147	0.0129
302	0.0173	0.0218	0.0231	0.0195	0.02	0.0191
303	0.0164	0.0129	0.016	0.0138	0.0142	0.0116
304	0.158	0.116	0.13	0.167	0.139	0.0995
305	0.0222	0.0195	0.0235	0.0249	0.0191	0.0142
306	0.45	0.404	0.515	0.447	0.49	0.43
307	0.00178	0.00355	0.00489	0.00444	0.0107	0.00489
308	0.152	0.134	0.143	0.14	0.171	0.153
309	0.0187	0.016	0.0169	0.02	0.0187	0.0187
310	0.0164	0.0151	0.0147	0.0155	0.02	0.0133
311	0.0213	0.0187	0.0284	0.0258	0.028	0.02
312	0.0107	0.0107	0.0151	0.012	0.012	0.0147
313	0.012	0.012	0.00844	0.0164	0.0124	0.0227
314	0.016	0.0147	0.0111	0.0209	0.0133	0.0195
315	0.422	0.436	0.444	0.429	0.454	0.447
316	0.0147	0.0129	0.012	0.0182	0.00888	0.0138
317	0.0231	0.028	0.0315	0.0338	0.0315	0.0235
318	0.0147	0.0173	0.0182	0.0111	0.0178	0.0169
319	0.0142	0.0204	0.02	0.0231	0.0191	0.0182
320	0.02	0.0147	0.016	0.0173	0.012	0.0138
321	0.0129	0.0111	0.0173	0.0138	0.0151	0.0178
322	0.016	0.0133	0.016	0.0133	0.0147	0.0147
323	0.0155	0.0195	0.0191	0.0129	0.0164	0.0142
324	0.0151	0.02	0.024	0.0213	0.02	0.0169
325	0.0129	0.0155	0.0129	0.0116	0.0124	0.0133
326	0.0138	0.0178	0.0298	0.0293	0.0244	0.0307
327	0.016	0.0124	0.0142	0.0111	0.0173	0.0107
328	0.0155	0.0164	0.0213	0.0209	0.0155	0.00977
329	0.0116	0.0129	0.0191	0.0142	0.0182	0.0138
330	0.0147	0.0182	0.0271	0.0173	0.0187	0.0213
331	0.0231	0.0267	0.0235	0.0235	0.0267	0.0182
332	0.0111	0.02	0.0151	0.0142	0.016	0.012
333	0.0182	0.0235	0.0182	0.016	0.0218	0.0173
334	0.0262	0.0169	0.0187	0.02	0.0169	0.0191
335	0.0244	0.0275	0.0289	0.0275	0.024	0.0253
336	0.0107	0.0102	0.0151	0.0173	0.0142	0.0164
337	0.0178	0.0173	0.0218	0.0164	0.0209	0.0187
338	0.0249	0.0213	0.0249	0.0298	0.0262	0.0284
339	0.02	0.0173	0.0222	0.0227	0.0195	0.0133
340	0.0515	0.0551	0.0444	0.0502	0.0466	0.0578
341	0.0191	0.0204	0.0187	0.0187	0.0222	0.0204
342	0.0151	0.0111	0.012	0.0107	0.0138	0.012
343	0.0107	0.0102	0.0111	0.00977	0.00977	0.0107
344	0.0102	0.0102	0.00933	0.012	0.0129	0.0102
345	0.0404	0.0409	0.0471	0.0373	0.0355	0.0404
346	0.0289	0.0249	0.0244	0.0249	0.0195	0.0253
347	0.0129	0.012	0.0151	0.0133	0.0151	0.0169
348	0.0178	0.0133	0.0209	0.0147	0.0164	0.0102
349	0.0116	0.0155	0.0138	0.0124	0.0138	0.00933
350	0.0262	0.0164	0.0209	0.0222	0.0164	0.0169
351	0.0724	0.0755	0.0697	0.0653	0.072	0.0782
352	0.0164	0.0182	0.0195	0.0116	0.0204	0.0195
353	0.00133	0.00267	0.00311	0.00222	0.004	0.00311
354	0.00622	0.00755	0.00622	0.008	0.00666	0.00489
355	0.0129	0.0133	0.0164	0.0138	0.0129	0.0133
356	0.0204	0.0164	0.016	0.0155	0.016	0.0173
357	0.0151	0.0133	0.0147	0.0151	0.0116	0.0124
358	0.0151	0.0178	0.0151	0.0169	0.0178	0.0138
359	0.0129	0.0129	0.0151	0.0142	0.0164	0.0138
360	0.278	0.289	0.336	0.294	0.295	0.317
361	0.0293	0.0324	0.0293	0.0298	0.0315	0.0284
362	0.0169	0.0178	0.0191	0.0142	0.0235	0.0164
363	0.0129	0.0147	0.0138	0.00977	0.0107	0.0133
364	0.0235	0.0227	0.0222	0.0253	0.0187	0.0213
365	0.0187	0.0293	0.0347	0.0284	0.0178	0.0231
366	0.00666	0.00622	0.00622	0.00489	0.00755	0.00755
367	0.0227	0.0262	0.0209	0.0147	0.0195	0.0178
368	0.0187	0.0142	0.0213	0.0218	0.0173	0.0169
369	0.0315	0.0271	0.0347	0.0293	0.0289	0.0267
370	0.0107	0.0155	0.0116	0.0142	0.0169	0.012
371	0.0102	0.0116	0.012	0.0129	0.0129	0.008
372	0.0116	0.0133	0.0151	0.0116	0.0151	0.0111
373	0.0915	0.168	0.978	0.788	0.939	0.988
374	0.348	0.291	0.237	0.215	0.206	0.382
375	0.0235	0.0173	0.0315	0.0284	0.0258	0.0195
376	0.0107	0.0124	0.0147	0.0124	0.0116	0.012
377	0.0391	0.0458	0.0338	0.0462	0.0364	0.0311
378	0.00666	0.00933	0.00844	0.012	0.00977	0.00755
379	0.00222	0.00622	0.00267	0.00311	0.00533	0.00444
380	0.0253	0.0271	0.0182	0.02	0.0227	0.0116
381	0.0133	0.0151	0.012	0.0169	0.0133	0.0204
382	0.0178	0.0151	0.0147	0.0151	0.0178	0.0227
383	0.00489	0.00489	0.00711	0.00622	0.00666	0.00666
384	0.00533	0.00666	0.0133	0.00622	0.00977	0.00666
385	0.0138	0.00977	0.0169	0.012	0.0129	0.012
386	0.00977	0.0164	0.0169	0.0147	0.0182	0.0116
387	0.0155	0.0222	0.0169	0.0213	0.0195	0.0191
388	0.0195	0.0218	0.0178	0.012	0.016	0.0169
389	0.0267	0.0315	0.0369	0.0684	0.0413	0.0355
390	0.004	0.00133	0.00133	0.00222	0.00622	0.00222
391	0.00888	0.012	0.0107	0.0129	0.0129	0.008
392	0.0151	0.00977	0.0124	0.0209	0.0142	0.004
393	0.0129	0.0142	0.0164	0.02	0.0142	0.0155
394	0.0124	0.0142	0.0133	0.0147	0.0191	0.0142
395	0.0187	0.0173	0.0133	0.0147	0.0155	0.0178
396	0.00844	0.0129	0.0111	0.0124	0.0138	0.0147
397	0.0275	0.0209	0.0244	0.0267	0.0262	0.0231
398	0.000888	0.00311	0.00355	0.00355	0.00178	0.00222
399	0.0187	0.0138	0.0182	0.0147	0.0213	0.0209
400	0.0293	0.0142	0.0213	0.0187	0.0222	0.0244
401	0.0191	0.0195	0.0151	0.0151	0.0155	0.0204
402	0.0142	0.0235	0.0218	0.0195	0.0142	0.0235
403	0.0173	0.0271	0.0204	0.0258	0.024	0.02
404	0.0191	0.0209	0.0191	0.024	0.0204	0.0213
405	0.0133	0.0244	0.016	0.02	0.0267	0.0284
406	0.0147	0.0275	0.0227	0.024	0.0231	0.0289
407	0.0129	0.012	0.0111	0.0209	0.0258	0.0116
408	0.0187	0.0107	0.0147	0.0147	0.0191	0.0107
409	0.00933	0.0187	0.0169	0.00622	0.024	0.0124
410	0.00933	0.0142	0.0182	0.00666	0.0138	0.0111
411	0.00933	0.0155	0.0155	0.016	0.012	0.0151
412	0.00755	0.0124	0.0155	0.0182	0.0249	0.0116
413	0.0133	0.0129	0.0124	0.016	0.008	0.0116
414	0.012	0.0124	0.0129	0.012	0.00977	0.0124
415	0.0129	0.0133	0.0116	0.00844	0.0151	0.0315
416	0.0187	0.0107	0.012	0.0111	0.0116	0.0129
417	0.0262	0.0107	0.0142	0.00977	0.0107	0.0151
418	0.012	0.00933	0.0111	0.0142	0.0133	0.0244
419	0.0107	0.00933	0.0111	0.00755	0.0151	0.0249
420	0.00844	0.0138	0.0133	0.00977	0.0178	0.0124
421	0.00844	0.0111	0.00711	0.0147	0.0298	0.0142
422	0.012	0.0116	0.0111	0.0178	0.0227	0.0102
423	0.0244	0.0124	0.0164	0.0284	0.0173	0.0116
424	0.0147	0.0195	0.0142	0.0187	0.0195	0.0107
425	0.0182	0.0204	0.0355	0.0178	0.0222	0.0222
426	0.0107	0.0107	0.00977	0.0169	0.0164	0.0795
427	0.0258	0.00977	0.00933	0.0182	0.0209	0.333
428	0.00933	0.0124	0.0116	0.024	0.012	0.487
429	0.0107	0.0191	0.0129	0.0129	0.0142	0.0124
430	0.0169	0.0142	0.0102	0.00622	0.0107	0.0307
431	0.016	0.0111	0.0195	0.00711	0.0107	0.0244
432	0.0147	0.0333	0.0413	0.0235	0.0116	0.103
433	0.0138	0.0169	0.0258	0.0204	0.012	0.0409
434	0.0195	0.0227	0.0191	0.0244	0.0169	0.00977
435	0.0133	0.0129	0.00977	0.0129	0.0307	0.0204
436	0.0227	0.0151	0.0155	0.0133	0.0182	0.00933
437	0.0133	0.00977	0.0249	0.0178	0.0413	0.008
438	0.0111	0.0178	0.0187	0.00711	0.0191	0.00444
439	0.0133	0.0147	0.0169	0.0107	0.146	0.004
440	0.0124	0.0178	0.00977	0.0178	0.835	0.0164
441	0.0138	0.0116	0.0204	0.0182	0.0311	0.00533
442	0.00977	0.00933	0.0244	0.0124	0.00977	0.00755
443	0.0209	0.0111	0.00888	0.0151	0.00711	0.00933
444	0.0124	0.0138	0.00933	0.0107	0.0124	0.00622
445	0.0124	0.0124	0.0155	0.00977	0.0147	0.00666
446	0.0124	0.00666	0.0191	0.0116	0.00977	0.0111
447	0.00489	0.0107	0.0173	0.0222	0.00888	0.00933
448	0.00533	0.0107	0.012	0.0355	0.00711	0.012
449	0.00444	0.00977	0.0147	0.0311	0.00533	0.00933
450	0.00267	0.347	0.0138	0.108	0.0173	0.0116
451	0.012	0.0315	0.0133	0.811	0.0142	0.0182
452	0.00622	0.0235	0.008	0.0657	0.00844	0.00844
453	0.008	0.0142	0.0155	0.0382	0.0102	0.00888
454	0.00711	0.0133	0.028	0.0116	0.008	0.0187
455	0.00666	0.00755	0.0249	0.0182	0.0182	0.0138
456	0.008	0.00666	0.0369	0.0124	0.0129	0.0116
457	0.012	0.0133	0.0129	0.00711	0.0107	0.0133
458	0.0129	0.00755	0.12	0.0107	0.0147	0.0107
459	0.0155	0.00933	0.854	0.0107	0.0111	0.0129
460	0.0151	0.0111	0.0307	0.00622	0.0116	0.012
461	0.008	0.00222	0.0116	0.00755	0.0102	0.00888
462	0.0102	0.008	0.0133	0.0222	0.0116	0.0147
463	0.0102	0.172	0.00844	0.00622	0.0129	0.0324
464	0.0187	0.0151	0.0124	0.012	0.012	0.0311
465	0.0164	0.00222	0.0116	0.00622	0.0107	0.00711
466	0.0138	0.00666	0.0107	0.012	0.0138	0.008
467	0.00977	0.00178	0.0133	0.0129	0.0418	0.00755
468	0.0289	0.00222	0.0116	0.00355	0.332	0.0129
469	0.036	0.00844	0.0111	0.00755	0.0244	0.00844
470	0.00933	0.00222	0.00888	0.0129	0.0182	0.00755
471	0.00533	0.00267	0.0258	0.0142	0.0155	0.00444
472	0.00222	0.0155	0.0413	0.012	0.0107	0.00844
473	0.000888	0.00622	0.0116	0.00933	0.0102	0.00355
474	0.008	0.0826	0.0124	0.0151	0.0107	0.00311
475	0.0116	0.142	0.346	0.0404	0.0133	0.0271
476	0.00355	0.016	0.0373	0.338	0.0111	0.00578
477	0.02	0.00844	0.0235	0.0227	0.00844	0.00578
478	0.0133	0.0169	0.0147	0.0111	0.00844	0.012
479	0.0147	0.00711	0.0124	0.016	0.00666	0.00666
480	0.0133	0.00844	0.00888	0.0107	0.0107	0.00622
481	0.00888	0.0102	0.012	0.012	0.00933	0.00178
482	0.004	0.00622	0.0102	0.0116	0.00755	0.00178
483	0.008	0.0107	0.0111	0.00622	0.0471	0.00311
484	0.004	0.0173	0.00666	0.0129	0.016	0.00133
485	0.0275	0.00666	0.0155	0.00977	0.00933	0.00133
486	0.00578	0.008	0.0111	0.0231	0.0786	0.00622
487	0.008	0.0111	0.0129	0.00933	0.00933	0.008
488	0.0178	0.0111	0.0116	0.0195	0.00578	0.0671
489	0.004	0.0164	0.00444	0.0138	0.0107	0.0151
490	0.004	0.00933	0.0102	0.008	0.00711	0.0164
491	0.00222	0.0116	0.0213	0.207	0.0102	0.0169
492	0.00888	0.0124	0.0111	0.0124	0.0422	0.00888
493	0.00222	0.0173	0.0369	0.0231	0.032	0.0142
494	0.244	0.0182	0.0386	0.008	0.0782	0.00133
495	0.246	0.012	0.00578	0.0111	0.0138	0.004
496	0.0791	0.0195	0.0111	0.00178	0.0124	0.00355
497	0.0102	0.0142	0.00711	0.00222	0.0151	0.00311
498	0.0298	0.0204	0.048	0.0409	0.0169	0.00355
499	0.0102	0.0275	0.00666	0.0142	0.0369	0.00222
500	0.0351	0.0178	0.00533	0.0102	0.0302	0.00755
501	0.012	0.0116	0.0204	0.00933	0.0284	0.00933
502	0.00666	0.0178	0.00711	0.00933	0.0178	0.00888
503	0.00222	0.0116	0.00933	0.0116	0.0138	0.00711
504	0.00977	0.0142	0.0124	0.00755	0.347	0.00578
505	0.00178	0.0116	0.0991	0.00222	0.00977	0.00844
506	0.00178	0.00977	0.0475	0.00444	0.00933	0.0187
507	0.00133	0.00666	0.0724	0.000888	0.0213	0.016
508	0.00355	0.00844	0.012	0.00711	0.00888	0.0138
509	0.0147	0.0187	0.008	0.0124	0.0133	0.0231
510	0.00578	0.0187	0.0129	0.004	0.028	0.0151
511	0.00355	0.0138	0.0124	0.000888	0.0133	0.0253
512	0.008	0.0182	0.0111	0.00222	0.00533	0.0142
513	0.00578	0.00888	0.0169	0.0173	0.45	0.0138
514	0.0138	0.008	0.15	0.0116	0.0116	0.00844
515	0.0138	0.0107	0.0258	0.00666	0.0244	0.00933
516	0.00933	0.841	0.0111	0.08	0.0262	0.0458
517	0.00933	0.00666	0.00622	0.0364	0.0684	0.0578
518	0.0133	0.0151	0.0751	0.0178	0.0124	0.0164
519	0.02	0.0102	0.122	0.00755	0.012	0.0178
520	0.00977	0.0116	0.0364	0.0138	0.00666	0.0218
521	0.0107	0.0373	0.0431	0.0129	0.00755	0.00977
522	0.0124	0.068	0.0684	0.0107	0.00578	0.0124
523	0.016	0.0138	0.0244	0.016	0.0151	0.0116
524	0.0582	0.012	0.00711	0.0133	0.0169	0.00977
525	0.00578	0.008	0.0107	0.0284	0.0111	0.00755
526	0.012	0.00977	0.00444	0.0235	0.02	0.00755
527	0.61	0.00933	0.0382	0.0644	0.008	0.00622
528	0.024	0.392	0.0107	0.0155	0.00578	0.00711
529	0.00711	0.0164	0.00533	0.0355	0.0142	0.028
530	0.00844	0.126	0.0466	0.0182	0.0107	0.0204
531	0.157	0.0338	0.0729	0.3	0.00888	0.0178
532	0.0107	0.0386	0.0116	0.35	0.0311	0.0267
533	0.0142	0.118	0.0213	0.0133	0.0542	0.012
534	0.00267	0.00489	0.00933	0.0102	0.0155	0.0129
535	0.012	0.00666	0.00977	0.0129	0.0173	0.0191
536	0.0209	0.00622	0.012	0.0138	0.0147	0.00533
537	0.379	0.0169	0.00933	0.0169	0.00977	0.0187
538	0.0955	0.008	0.0124	0.137	0.0178	0.0129
539	0.0404	0.00578	0.0138	0.0107	0.0147	0.133
540	0.016	0.245	0.00888	0.0151	0.0191	0.00444
541	0.0129	0.0155	0.0107	0.0129	0.0195	0.0129
542	0.0133	0.0253	0.0249	0.00844	0.0116	0.0169
543	0.402	0.0657	0.016	0.0116	0.00622	0.263
544	0.508	0.0133	0.0178	0.0307	0.0124	0.339
545	0.0151	0.0124	0.0195	0.0644	0.00755	0.0333
546	0.0173	0.00977	0.0329	0.0124	0.0102	0.00933
547	0.0178	0.0102	0.00489	0.0151	0.00533	0.00666
548	0.0258	0.00489	0.0222	0.0102	0.0151	0.00844
549	0.00844	0.2	0.00533	0.0102	0.0204	0.0142
550	0.008	0.478	0.0164	0.0129	0.289	0.0155
551	0.0333	0.0169	0.0142	0.0155	0.408	0.0147
552	0.0524	0.953	0.0213	0.0222	0.0395	0.00444
553	0.012	0.0333	0.0124	0.0213	0.0151	0.0169
554	0.0195	0.024	0.0164	0.0116	0.0116	0.008
555	0.00933	0.0355	0.00977	0.0107	0.0138	0.00533
556	0.00977	0.0591	0.386	0.00888	0.39	0.0116
557	0.0116	0.0151	0.386	0.00933	0.0951	0.0142
558	0.0475	0.0538	0.0147	0.0138	0.47	0.0107
559	0.00977	0.00444	0.0817	0.0129	0.0729	0.0138
560	0.0107	0.00489	0.00489	0.253	0.467	0.00844
561	0.0107	0.00444	0.0142	0.02	0.0724	0.00666
562	0.00933	0.008	0.0689	0.0129	0.0244	0.613
563	0.00489	0.00178	0.0302	0.0324	0.0173	0.00622
564	0.0591	0.0293	0.0333	0.344	0.0124	0.00711
565	0.0182	0.004	0.00578	0.0435	0.00578	1
566	0.0204	0.0928	0.37	0.0253	0.0133	0.0138
567	0.0213	0.0116	0.00888	0.0169	0.0249	0.0129
568	0.0213	0.00311	0.697	0.0444	0.0533	0.0138
569	0.0138	0.0111	0.0315	0.195	0.12	0.036
570	0.0133	0.00666	0.0315	0.0391	0.0102	0.0298
571	0.0138	0.004	0.04	0.0164	0.00666	0.0333
572	0.00666	0.008	0.395	0.0142	0.004	0.0342
573	0.0369	0.008	0.0151	0.0129	0.00755	0.02
574	0.998	0.00578	0.0151	0.0235	0.00267	0.0116
575	0.0324	0.00311	0.0182	0.0293	0.0924	0.00888
576	0.0124	0.004	0.0102	0.0102	0.0107	0.0111
577	0.012	0.0333	0.0151	0.0138	0.00311	0.00933
578	0.016	0.0422	0.0307	0.0222	0.00489	0.0267
579	0.0382	0.689	0.0107	0.0315	0.00622	0.00222
580	0.00933	0.064	0.0227	0.0191	0.00533	0.00444
581	0.0116	0.0502	0.0671	0.0195	0.00267	0.0338
582	0.00888	0.187	0.0111	0.0204	0.0116	0.0653
583	0.0182	0.004	0.0107	0.0147	0.0107	0.166
584	0.00977	0.00133	0.00755	0.994	0.00977	0.00844
585	0.00977	0.00267	0.00444	0.0169	0.0173	0.0888
586	0.0493	0.0342	0.00355	0.0235	0.0111	0.0147
587	0.12	0.0129	0.00533	0.056	0.00755	0.00578
588	0.0138	0.0138	0.00578	0.0422	0.0262	0.00578
589	0.008	0.032	0.0142	0.0147	0.0213	0.00977
590	0.00311	0.00888	0.00578	0.0315	0.308	0.00666
591	0.004	0.008	0.00533	0.0107	0.398	0.008
592	0.0418	0.00311	0.008	0.0124	0.0569	0.00666
593	0.00311	0.0111	0.00844	0.00489	0.135	0.00533
594	0.004	0.004	0.00755	0.00622	0.052	0.00222
595	0.00311	0	0.008	0.00533	0.0147	0.00666
596	0.00578	0.00355	0.0102	0.00311	0.00178	0.00533
597	0.0915	0.004	0.00222	0.000888	0.00489	0.00578
598	0.016	0.0347	0.0124	0.00489	0.00311	0.00533
599	0.00622	0.00533	0.0289	0.00489	0.0102	0.0213
600	0.00489	0.0302	0.327	0.0151	0.0142	0.23
601	0.00888	0.383	0.00888	0.00444	0.0107	0.321
602	0.004	0.124	0.00888	0.00888	0.0355	0.342
603	0.008	0.28	0.459	0.00355	0.0173	0.00755
604	0.00755	0.187	0.0107	0.00578	0.008	0.004
605	0.0116	0.00666	0.016	0.00489	0.000444	0.0267
606	0.004	0.00755	0.0915	0.00844	0.004	0.00666
607	0.00711	0.00178	0.0618	0.00355	0.00355	0.0746
608	0.00844	0.00133	0.137	0.00267	0.0107	0.0187
609	0.00533	0.0116	0.00267	0.00222	0.004	0.0484
610	0.00355	0.00888	0.004	0.00666	0.00222	0.0884
611	0.00888	0.00533	0.00355	0.0151	0.00222	0.00622
612	0.0524	0.00178	0.00489	0.00666	0.00222	0.00844
613	0.59	0.00222	0.00178	0.00355	0.068	0.00844
614	0.0253	0.00755	0.000888	0.00267	0.0498	0.0329
615	0.0107	0.00977	0.00844	0.0502	0.00755	0.0187
616	0.126	0.00311	0.00267	0.0595	0.0222	0.00711
617	0.0893	0.000888	0.00178	0.633	0.618	0.0102
618	0.0453	0.0244	0.00222	0.00977	0.242	0.00711
619	0.247	0.00178	0.00755	0.0169	0.0329	0.00267
620	0.0151	0.00622	0.000888	0.096	0.535	0.00267
621	0.00578	0.00133	0.00355	0.0586	0.127	0.0102
622	0.0347	0.00133	0.00622	0.0426	0.282	0.00311
623	0.00444	0.000888	0.0164	0.186	0.0133	0.00355
624	0.000888	0.0249	0.072	0.052	0.00622	0.00267
625	0.00533	0.0133	0.641	0.00578	0.00311	0.00222
626	0.00489	0.0116	0.225	0.00844	0.0187	0.00666
627	0.004	0.00844	0.0204	0.00355	0.00355	0.00489
628	0.00178	0.00711	0.00666	0.004	0.0116	0.0111
629	0.0275	0.00711	0.0409	0.0195	0.00844	0.182
630	0.00755	0.00178	0.0213	0.00844	0.00489	0.0111
631	0.0138	0.523	0.0102	0.513	0.00355	0.0187
632	0.211	0.457	0.0142	0.352	0.00311	0.592
633	0.0924	0.0129	0.00888	0.096	0.00355	0.35
634	0.0333	0.008	0.016	0.0111	0.000888	0.0498
635	0.0191	0.00355	0.00311	0.00844	0.00267	0.000888
636	0.012	0	0.000444	0.016	0.0138	0.004
637	0.667	0.0169	0.00267	0.00578	0.00178	0.00133
638	0.00133	0.000444	0.00489	0.00489	0.00311	0.169
639	0.00178	0.00133	0.0275	0.00844	0.00844	0.446
640	0.004	0.000888	0.00666	0.0124	0.004	0.371
641	0.378	0.000888	0.00844	0.00133	0.00222	0.0155
642	0.305	0.0111	0.0124	0.0267	0.000444	0.0116
643	0.311	0.000444	0.004	0.004	0.00133	0.00711
644	0.00666	0.00178	0.00444	0.004	0.0209	0.00666
645	0.00533	0.0302	0.00578	0.00311	0.0102	0.00178
646	0.00178	0.0426	0.004	0.000888	0.0173	0.0155
647	0.000888	0.924	0.00178	0.00133	0.0116	0.0107
648	0.0102	0.0809	0.00444	0.00222	0.00133	0.322
649	0.000444	0.00178	0.00444	0.00178	0.18	0.0418
650	0.00267	0.00133	0.575	0.00133	0.0155	0.0267
651	0.341	0.0173	0.0213	0.000444	0.428	0.0182
652	0.036	0.0107	0.303	0.000888	0.386	0.0129
653	0.0169	0.0102	0.0182	0	0.0102	0.0133
654	0.0129	0.0124	0.00489	0.00355	0.000888	0.00755
655	0.0107	0.012	0.00267	0.00888	0.000888	0.0102
656	0.008	0.00844	0.00311	0.00444	0.000888	0.000444
657	0.00666	0.0116	0.00267	0.342	0.00578	0.00933
658	0.0124	0.00133	0.00178	0.324	0.0102	0.00578
659	0.0129	0.00755	0.533	0.321	0.00133	0.00267
660	0.000888	0.0173	0.45	0.0107	0.000444	0.00178
661	0.0116	0.0133	0.00888	0.00355	0.000444	0.00133
662	0.00844	0.0347	0.00666	0.000888	0.0351	0.00133
663	0.000888	0.408	0.00311	0.000888	0.032	0.933
664	0.00133	0.181	0.00133	0.000444	0.997	0.0715
665	0.000444	0.0862	0.00133	0.000444	0.00844	0.00533
666	0.00178	0.00888	0.000444	0.000888	0.00355	0.00133
667	0.000444	0.00844	0.00133	0.00222	0.00178	0.00666
668	0.926	0.00844	0.000888	0.000888	0.012	0.0422
669	0.0804	0.008	0.00267	0.0275	0.008	0.0151
670	0.00222	0.0133	0.004	0.0324	0.0155	0.0187
671	0.00355	0.008	0.991	0.915	0.012	0.0138
672	0.012	0.00578	0.00755	0.0866	0.0977	0.0173
673	0.0151	0.00311	0.00489	0.00489	0.0191	0.008
674	0.00977	0.00311	0.00222	0.00222	0.02	0.0133
675	0.0129	0.00755	0.0116	0.00933	0.0116	0.0102
676	0.0129	0.0178	0.0187	0.00888	0.0169	0.445
677	0.00711	0.0133	0.0102	0.012	0.0284	0.17
678	0.0111	0.008	0.0897	0.0107	0.0235	0.0946
679	0.0111	0.008	0.0187	0.0102	0.0178	0.0262
680	0.00933	0.0133	0.0155	0.0107	0.00933	0.0262
681	0.00977	0.00844	0.0116	0.0107	0.00666	0.00933
682	0.004	0.00533	0.0164	0.00222	0.0227	0.00711
683	0.0453	0.0102	0.02	0.0124	0.0187	0.0333
684	0.42	0.0471	0.0102	0.0142	0.353	0.0302
685	0.0124	0.0111	0.0138	0.00933	0.163	0.0102
686	0.0138	0.00977	0.00888	0.0231	0.024	0.0142
687	0.0151	0.0133	0.0138	0.0116	0.00755	0.00888
688	0.158	0.0222	0.0124	0.0982	0.032	0.2
689	0.096	0.0302	0.0178	0.0129	0.012	0.391
690	0.00933	0.0893	0.355	0.012	0.02	0.239
691	0.00888	0.127	0.159	0.0169	0.0355	0.147
692	0.0493	0.756	0.00888	0.016	0.0142	0.427
693	0.0382	0.0515	0.0164	0.012	0.04	0.53
694	0.00444	0.0204	0.012	0.0227	0.0213	0.00977
695	0.0124	0.192	0.00888	0.0178	0.00977	0.0102
696	0.0258	0.378	0.00844	0.00933	0.189	0.00666
697	0.0977	0.249	0.0124	0.0218	0.393	0.00578
698	0.0187	0.146	0.0133	0.0164	0.218	0.008
699	0.693	0.458	0.016	0.016	0.155	0.00578
700	0.0173	0.486	0.0102	0.36	0.442	0.00444
701	0.032	0.0142	0.00933	0.181	0.494	0.0116
702	0.0315	0.0111	0.008	0.00933	0.00711	0.00755
703	0.141	0.0195	0.00666	0.00844	0.0102	0.0116
704	0.0498	0.00888	0.016	0.0613	0.0133	0.00578
705	0.201	0.00933	0.008	0.0635	0.008	0.00755
706	0.386	0.00711	0.0129	0.0129	0.008	0.0111
707	0.199	0.00977	0.00711	0.0116	0.0173	0.00666
708	0.149	0.0124	0.00755	0.012	0.0133	0.00355
709	0.457	0.0111	0.00933	0.00489	0.00844	0.00444
710	0.463	0.0124	0.0586	0.187	0.00533	0.0182
711	0.00888	0.0222	0.02	0.38	0.00355	0.008
712	0.0124	0.008	0.04	0.231	0.00533	0.0116
713	0.0107	0.0111	0.0249	0.151	0.00977	0.0195
714	0.00666	0.00933	0.0164	0.438	0.0191	0.00666
715	0.00933	0.0124	0.182	0.529	0.0129	0.04
716	0.0111	0.0111	0.378	0.0102	0.00355	0.0155
717	0.00755	0.0111	0.219	0.0271	0.00666	0.0169
718	0.00622	0.004	0.15	0.0164	0.00489	0.0124
719	0.0129	0.008	0.474	0.0111	0.0111	0.00977
720	0.0111	0.0107	0.481	0.00933	0.0116	0.00844
721	0.00933	0.0124	0.0124	0.0155	0.0111	0.0102
722	0.00711	0.012	0.00711	0.00578	0.00755	0.00489
723	0.00578	0.0107	0.0102	0.00711	0.0129	0.00622
724	0.00622	0.0107	0.0116	0.00755	0.016	0.00933
725	0.00977	0.00711	0.00444	0.00755	0.00888	0.0124
726	0.004	0.00578	0.00755	0.0111	0.00666	0.00666
727	0.00888	0.008	0.00622	0.00977	0.00578	0.0155
728	0.00888	0.008	0.00489	0.00933	0.012	0.0124
729	0.00977	0.00844	0.0111	0.00622	0.0124	0.0271
730	0.0142	0.00888	0.0151	0.0151	0.008	0.0138
731	0.0138	0.00622	0.00888	0.0124	0.00933	0.975
732	0.00578	0.00755	0.00844	0.00711	0.0111	0.028
733	0.0107	0.00888	0.00711	0.00711	0.00755	0.004
734	0.0116	0.00666	0.00888	0.0142	0.00888	0.00222
735	0.00711	0.008	0.00844	0.0142	0.00888	0.00133
736	0.00755	0.00578	0.00666	0.0142	0.00533	0.0111
737	0.00711	0.0275	0.0107	0.00844	0.024	0.012
738	0.00578	0.884	0.00977	0.0102	0.0133	0.0173
739	0.012	0.119	0.0147	0.00489	0.926	0.00844
740	0.0129	0.00444	0.00888	0.00666	0.0951	0.0142
741	0.0244	0.00444	0.0129	0.00489	0.00533	0.0187
742	0.008	0.00267	0.0107	0.00622	0.00133	0.0173
743	0.00444	0.0293	0.00578	0.00888	0.000444	0.0169
744	0.00888	0.0182	0.00888	0.0102	0.0204	0.0271
745	0.0116	0.016	0.00711	0.00844	0.0182	0.0195
746	0.0258	0.0249	0.00666	0.0102	0.0164	0.00977
747	0.00888	0.0147	0.00622	0.00888	0.0151	0.00888
748	0.983	0.00755	0.00933	0.00489	0.0204	0.0191
749	0.0422	0.008	0.0129	0.00578	0.0133	0.0324
750	0.00489	0.0155	0.00933	0.00711	0.0133	0.0147
751	0.00178	0.0271	0.00711	0.0275	0.0116	0.0315
752	0.00267	0.00222	0.00666	0.016	0.0267	0.00355
753	0.0258	0.00933	0.00444	0.968	0.0582	0.0213
754	0.0107	0.0107	0.012	0.0466	0.0218	0.944
755	0.0382	0.0262	0.00933	0.004	0.0227	0.00578
756	0.117	0.0138	0.0307	0.000888	0.0258	0.0222
757	0.00489	0.0169	0.0142	0.00222	0.0178	0.0204
758	0.00267	0.0195	0.95	0.0275	0.0324	0.0244
759	0.00355	0.0209	0.0529	0.004	0.0489	0.0124
760	0.0386	0.00666	0.00311	0.004	0.00444	0.153
761	0.847	0.0116	0.0147	0.0182	0.0333	0.104
762	0.00533	0.976	0.00133	0.00311	0.889	0.307
763	0.0129	0.0111	0.0147	0.00933	0.0129	0.155
764	0.012	0.0289	0.016	0.98	0.0382	0.0333
765	0.0342	0.0138	0.0107	0.0111	0.0178	0.0142
766	0.00933	0.203	0.0315	0.0315	0.197	0.00489
767	0.234	0.132	0.0231	0.0169	0.133	0.00844
768	0.127	0.395	0.0151	0.0142	0.387	0.008
769	0.395	0.012	0.0213	0.125	0.00977	0.0102
770	0.0426	0.0422	0.0826	0.365	0.0466	0.00844
771	0.0409	0.00489	0.00355	0.197	0.0124	0.0107
772	0.00578	0.00489	0.0129	0.0498	0.012	0.426
773	0.0107	0.389	0.983	0.0129	0.00977	0.316
774	0.402	0.291	0.008	0.00578	0.00888	0.347
775	0.335	0.549	0.0253	0.00666	0.012	0.984
776	0.382	0.008	0.0138	0.0138	0.0151	0.0182
777	0.98	0.00666	0.167	0.0124	0.0187	0.0244
778	0.028	0.00666	0.116	0.0116	0.464	0.0164
779	0.0147	0.012	0.299	0.0426	0.298	0.0151
780	0.0102	0.0138	0.174	0.43	0.385	0.0102
781	0.00888	0.0173	0.0546	0.317	0.975	0.00311
782	0.00311	0.0324	0.404	0.372	0.0249	0.0102
783	0.00844	0.0453	0.324	0.977	0.0329	0.0147
784	0.00533	0.0404	0.37	0.0195	0.0173	0.0107
785	0.0164	0.0831	0.982	0.0302	0.0138	0.008
786	0.0111	0.04	0.0209	0.0129	0.0107	0.0107
787	0.0147	0.987	0.0271	0.0138	0.00489	0.0102
788	0.217	0.00355	0.00533	0.0102	0.00711	0.00933
789	0.683	0.00622	0.00711	0.00444	0.0155	0.02
790	0.0142	0.00578	0.00444	0.00622	0.0107	0.0102
791	0.0155	0.0147	0.016	0.00444	0.00977	0.0178
792	0.0138	0.203	0.235	0.0151	0.0213	0.216
793	0.00355	0.675	0.7	0.207	0.218	0.667
794	0.00267	0.0142	0.0147	0.683	0.685	0.0151
795	0.0191	0.016	0.0147	0.0138	0.0155	0.0164
796	0.0253	0.0227	0.0187	0.0124	0.0107	0.0164
797	0.0235	0.00311	0.00133	0.0195	0.0142	0.004
798	0.0267	0.00133	0.00178	0.00133	0.00355	0.00178
799	0.0218	0.00355	0.00267	0.00178	0.00133	0.000888
800	0	0.00178	0.000888	0	0.00133	0.000444
801	0.000888	0	0.000888	0.000888	0.000444	0
802	1	1	1	1	1	1
